Generated collection 1 of rectangles:

[22.295397851679606,29.605075725446177][51.53511912556833,57.90929337906941]

[31.330709136840838,37.306161914812854][94.69065092029732,98.5425427677045]

[85.84961971258652,94.64144489131132][12.535307258943481,15.28484691929833]

[2.2897447756216356,3.755761352086818][91.17545294740928,96.64285051939393]

[61.86141662129777,62.90632348380749][74.44216776980633,78.55012972471695]

[43.896157867999804,53.803385725147635][67.8441227077265,75.3065367609498]

[77.03280874143212,85.20577945552536][85.19670873978801,90.46370308583667]

[8.19498617872139,9.534384584590311][65.16691050627165,74.95265390775005]

[13.297968357004263,20.448278495509008][0.4277937722795246,5.057371956503753]

[34.59290838616476,35.3078915349637][83.02441592380386,86.41211245916139]



Results of range intersection with [20.0,70.0][20.0,70.0] :

[22.295397851679606,29.605075725446177][51.53511912556833,57.90929337906941]

[43.896157867999804,53.803385725147635][67.8441227077265,75.3065367609498]


Rectangles inside [20.0,70.0][20.0,70.0] :

[22.295397851679606,29.605075725446177][51.53511912556833,57.90929337906941]



MBR of Collection 1:
[2.2897447756216356,94.64144489131132][0.4277937722795246,98.5425427677045]


Collection 1, average projection length at dimension 0 = 5.187276953385197

Collection 1, average projection length at dimension 1 = 5.308339180849051



Generated collection 2 of rectangles:

[22.295397851679606,29.605075725446177][51.53511912556833,57.90929337906941]
[31.330709136840838,37.306161914812854][94.69065092029732,98.5425427677045]
[85.84961971258652,94.64144489131132][12.535307258943481,15.28484691929833]
[2.2897447756216356,3.755761352086818][91.17545294740928,96.64285051939393]

[61.86141662129777,62.90632348380749][74.44216776980633,78.55012972471695]
[43.896157867999804,53.803385725147635][67.8441227077265,75.3065367609498]

[77.03280874143212,85.20577945552536][85.19670873978801,90.46370308583667]
[8.19498617872139,9.534384584590311][65.16691050627165,74.95265390775005]

[13.297968357004263,20.448278495509008][0.4277937722795246,5.057371956503753]
[34.59290838616476,35.3078915349637][83.02441592380386,86.41211245916139]



Intersection join results:

[22.295397851679606,29.605075725446177][51.53511912556833,57.90929337906941][22.295397851679606,29.605075725446177][51.53511912556833,57.90929337906941]
[31.330709136840838,37.306161914812854][94.69065092029732,98.5425427677045][31.330709136840838,37.306161914812854][94.69065092029732,98.5425427677045]

[85.84961971258652,94.64144489131132][12.535307258943481,15.28484691929833][85.84961971258652,94.64144489131132][12.535307258943481,15.28484691929833]
[2.2897447756216356,3.755761352086818][91.17545294740928,96.64285051939393][2.2897447756216356,3.755761352086818][91.17545294740928,96.64285051939393]

[61.86141662129777,62.90632348380749][74.44216776980633,78.55012972471695][61.86141662129777,62.90632348380749][74.44216776980633,78.55012972471695]

[43.896157867999804,53.803385725147635][67.8441227077265,75.3065367609498][43.896157867999804,53.803385725147635][67.8441227077265,75.3065367609498]

[77.03280874143212,85.20577945552536][85.19670873978801,90.46370308583667][77.03280874143212,85.20577945552536][85.19670873978801,90.46370308583667]

[8.19498617872139,9.534384584590311][65.16691050627165,74.95265390775005][8.19498617872139,9.534384584590311][65.16691050627165,74.95265390775005]

[13.297968357004263,20.448278495509008][0.4277937722795246,5.057371956503753][13.297968357004263,20.448278495509008][0.4277937722795246,5.057371956503753]
[34.59290838616476,35.3078915349637][83.02441592380386,86.41211245916139][34.59290838616476,35.3078915349637][83.02441592380386,86.41211245916139]



Far pairs:

[85.84961971258652,94.64144489131132][12.535307258943481,15.28484691929833][2.2897447756216356,3.755761352086818][91.17545294740928,96.64285051939393]
[2.2897447756216356,3.755761352086818][91.17545294740928,96.64285051939393][85.84961971258652,94.64144489131132][12.535307258943481,15.28484691929833]


Close pairs:

[22.295397851679606,29.605075725446177][51.53511912556833,57.90929337906941][22.295397851679606,29.605075725446177][51.53511912556833,57.90929337906941]
[31.330709136840838,37.306161914812854][94.69065092029732,98.5425427677045][31.330709136840838,37.306161914812854][94.69065092029732,98.5425427677045]

[85.84961971258652,94.64144489131132][12.535307258943481,15.28484691929833][85.84961971258652,94.64144489131132][12.535307258943481,15.28484691929833]
[2.2897447756216356,3.755761352086818][91.17545294740928,96.64285051939393][2.2897447756216356,3.755761352086818][91.17545294740928,96.64285051939393]

[61.86141662129777,62.90632348380749][74.44216776980633,78.55012972471695][61.86141662129777,62.90632348380749][74.44216776980633,78.55012972471695]

[77.03280874143212,85.20577945552536][85.19670873978801,90.46370308583667][77.03280874143212,85.20577945552536][85.19670873978801,90.46370308583667]

[8.19498617872139,9.534384584590311][65.16691050627165,74.95265390775005][8.19498617872139,9.534384584590311][65.16691050627165,74.95265390775005]

[13.297968357004263,20.448278495509008][0.4277937722795246,5.057371956503753][13.297968357004263,20.448278495509008][0.4277937722795246,5.057371956503753]
[34.59290838616476,35.3078915349637][83.02441592380386,86.41211245916139][34.59290838616476,35.3078915349637][83.02441592380386,86.41211245916139]
